76 0 0 32 32
76 0 32 32 32
76 0 64 32 32
76 0 96 32 32
76 0 128 32 32
76 0 160 32 32
76 0 192 32 32
76 0 224 32 32
76 0 256 32 32
76 0 288 32 32
76 0 320 32 32
76 0 352 32 32
76 0 384 32 32
76 0 416 32 32
76 0 448 32 32
76 0 480 32 32
76 0 512 32 32
76 0 544 32 32
76 0 576 32 32
76 0 608 32 32
76 0 640 32 32
76 0 672 32 32
76 0 704 32 32
76 0 736 32 32
76 0 768 32 32
76 0 800 32 32
76 0 832 32 32
76 0 864 32 32
76 0 896 32 32
76 0 928 32 32
76 0 960 32 32
76 0 992 32 32
76 0 1024 32 32
76 0 1056 32 32
76 0 1088 32 32
76 0 1120 32 32
76 0 1152 32 32
76 0 1184 32 32
76 0 1216 32 32
76 0 1248 32 32
76 0 1280 32 32
76 0 1312 32 32
76 0 1344 32 32
76 32 0 32 32
76 32 32 32 32
76 32 64 32 32
76 32 96 32 32
76 32 128 32 32
76 32 160 32 32
76 32 192 32 32
76 32 224 32 32
76 32 256 32 32
76 32 288 32 32
76 32 320 32 32
76 32 352 32 32
76 32 384 32 32
76 32 416 32 32
76 32 448 32 32
76 32 480 32 32
76 32 512 32 32
76 32 544 32 32
76 32 576 32 32
76 32 608 32 32
76 32 640 32 32
76 32 672 32 32
76 32 704 32 32
76 32 736 32 32
76 32 768 32 32
76 32 800 32 32
76 32 832 32 32
76 32 864 32 32
76 32 896 32 32
76 32 928 32 32
76 32 960 32 32
76 32 992 32 32
76 32 1024 32 32
76 32 1056 32 32
76 32 1088 32 32
76 32 1120 32 32
76 32 1152 32 32
76 32 1184 32 32
76 32 1216 32 32
76 32 1248 32 32
76 32 1280 32 32
76 32 1312 32 32
76 32 1344 32 32
76 64 0 32 32
76 64 32 32 32
76 64 64 32 32
76 64 96 32 32
76 64 128 32 32
76 64 160 32 32
76 64 192 32 32
76 64 224 32 32
76 64 256 32 32
76 64 288 32 32
76 64 320 32 32
76 64 352 32 32
76 64 384 32 32
76 64 416 32 32
76 64 448 32 32
76 64 480 32 32
76 64 512 32 32
76 64 544 32 32
76 64 576 32 32
76 64 608 32 32
76 64 640 32 32
76 64 672 32 32
76 64 704 32 32
76 64 736 32 32
76 64 768 32 32
76 64 800 32 32
76 64 832 32 32
76 64 864 32 32
76 64 896 32 32
76 64 928 32 32
76 64 960 32 32
76 64 992 32 32
76 64 1024 32 32
76 64 1056 32 32
76 64 1088 32 32
76 64 1120 32 32
76 64 1152 32 32
76 64 1184 32 32
76 64 1216 32 32
76 64 1248 32 32
76 64 1280 32 32
76 64 1312 32 32
76 64 1344 32 32
76 96 0 32 32
76 96 32 32 32
76 96 64 32 32
76 96 96 32 32
76 96 128 32 32
76 96 160 32 32
76 96 192 32 32
76 96 224 32 32
76 96 256 32 32
76 96 288 32 32
76 96 320 32 32
76 96 352 32 32
76 96 384 32 32
76 96 416 32 32
76 96 448 32 32
76 96 480 32 32
76 96 512 32 32
76 96 544 32 32
76 96 576 32 32
76 96 608 32 32
76 96 640 32 32
76 96 672 32 32
76 96 704 32 32
76 96 736 32 32
76 96 768 32 32
76 96 800 32 32
76 96 832 32 32
76 96 864 32 32
76 96 896 32 32
76 96 928 32 32
76 96 960 32 32
76 96 992 32 32
76 96 1024 32 32
76 96 1056 32 32
76 96 1088 32 32
76 96 1120 32 32
76 96 1152 32 32
76 96 1184 32 32
76 96 1216 32 32
76 96 1248 32 32
76 96 1280 32 32
76 96 1312 32 32
76 96 1344 32 32
76 128 0 32 32
76 128 32 32 32
76 128 64 32 32
76 128 96 32 32
76 128 128 32 32
76 128 160 32 32
76 128 192 32 32
76 128 224 32 32
76 128 256 32 32
76 128 288 32 32
76 128 320 32 32
76 128 352 32 32
76 128 384 32 32
76 128 416 32 32
76 128 448 32 32
76 128 480 32 32
76 128 512 32 32
76 128 544 32 32
76 128 576 32 32
76 128 608 32 32
76 128 640 32 32
76 128 672 32 32
76 128 704 32 32
76 128 736 32 32
76 128 768 32 32
76 128 800 32 32
76 128 832 32 32
76 128 864 32 32
76 128 896 32 32
76 128 928 32 32
76 128 960 32 32
76 128 992 32 32
76 128 1024 32 32
76 128 1056 32 32
76 128 1088 32 32
76 128 1120 32 32
76 128 1152 32 32
76 128 1184 32 32
76 128 1216 32 32
76 128 1248 32 32
76 128 1280 32 32
76 128 1312 32 32
76 128 1344 32 32
76 160 0 32 32
76 160 32 32 32
76 160 64 32 32
76 160 96 32 32
76 160 128 32 32
76 160 160 32 32
76 160 192 32 32
76 160 224 32 32
76 160 256 32 32
76 160 288 32 32
76 160 320 32 32
76 160 352 32 32
76 160 384 32 32
76 160 416 32 32
76 160 448 32 32
76 160 480 32 32
76 160 512 32 32
76 160 544 32 32
76 160 576 32 32
76 160 608 32 32
76 160 640 32 32
76 160 672 32 32
76 160 704 32 32
76 160 736 32 32
76 160 768 32 32
76 160 800 32 32
76 160 832 32 32
76 160 864 32 32
76 160 896 32 32
76 160 928 32 32
76 160 960 32 32
76 160 992 32 32
76 160 1024 32 32
76 160 1056 32 32
76 160 1088 32 32
76 160 1120 32 32
76 160 1152 32 32
76 160 1184 32 32
76 160 1216 32 32
76 160 1248 32 32
76 160 1280 32 32
76 160 1312 32 32
76 160 1344 32 32
76 192 0 32 32
76 192 32 32 32
76 192 64 32 32
76 192 96 32 32
76 192 128 32 32
76 192 160 32 32
76 192 192 32 32
76 192 224 32 32
76 192 256 32 32
76 192 288 32 32
76 192 320 32 32
76 192 352 32 32
76 192 384 32 32
76 192 416 32 32
76 192 448 32 32
76 192 480 32 32
76 192 512 32 32
76 192 544 32 32
76 192 576 32 32
76 192 608 32 32
76 192 640 32 32
21 192 672 32 32
20 192 704 32 32
76 192 736 32 32
76 192 768 32 32
76 192 800 32 32
76 192 832 32 32
76 192 864 32 32
76 192 896 32 32
76 192 928 32 32
76 192 960 32 32
21 192 992 32 32
20 192 1024 32 32
76 192 1056 32 32
76 192 1088 32 32
76 192 1120 32 32
76 192 1152 32 32
76 192 1184 32 32
76 192 1216 32 32
76 192 1248 32 32
76 192 1280 32 32
76 192 1312 32 32
76 192 1344 32 32
76 224 0 32 32
76 224 32 32 32
76 224 64 32 32
76 224 96 32 32
76 224 128 32 32
76 224 160 32 32
76 224 192 32 32
76 224 224 32 32
76 224 256 32 32
76 224 288 32 32
76 224 320 32 32
76 224 352 32 32
76 224 384 32 32
76 224 416 32 32
76 224 448 32 32
76 224 480 32 32
76 224 512 32 32
76 224 544 32 32
76 224 576 32 32
76 224 608 32 32
76 224 640 32 32
76 224 672 32 32
76 224 704 32 32
76 224 736 32 32
76 224 768 32 32
76 224 800 32 32
76 224 832 32 32
76 224 864 32 32
76 224 896 32 32
76 224 928 32 32
76 224 960 32 32
76 224 992 32 32
76 224 1024 32 32
76 224 1056 32 32
76 224 1088 32 32
76 224 1120 32 32
76 224 1152 32 32
76 224 1184 32 32
76 224 1216 32 32
76 224 1248 32 32
76 224 1280 32 32
76 224 1312 32 32
76 224 1344 32 32
76 256 0 32 32
76 256 32 32 32
76 256 64 32 32
76 256 96 32 32
76 256 128 32 32
76 256 160 32 32
76 256 192 32 32
76 256 224 32 32
76 256 256 32 32
76 256 288 32 32
76 256 320 32 32
76 256 352 32 32
76 256 384 32 32
76 256 416 32 32
101 256 448 32 32
76 256 480 32 32
76 256 512 32 32
76 256 544 32 32
76 256 576 32 32
76 256 608 32 32
76 256 640 32 32
76 256 672 32 32
76 256 704 32 32
76 256 736 32 32
76 256 768 32 32
76 256 800 32 32
76 256 832 32 32
76 256 864 32 32
76 256 896 32 32
76 256 928 32 32
76 256 960 32 32
76 256 992 32 32
76 256 1024 32 32
76 256 1056 32 32
76 256 1088 32 32
76 256 1120 32 32
76 256 1152 32 32
76 256 1184 32 32
76 256 1216 32 32
76 256 1248 32 32
76 256 1280 32 32
76 256 1312 32 32
76 256 1344 32 32
76 288 0 32 32
76 288 32 32 32
76 288 64 32 32
76 288 96 32 32
76 288 128 32 32
76 288 160 32 32
76 288 192 32 32
76 288 224 32 32
76 288 256 32 32
76 288 288 32 32
76 288 320 32 32
76 288 352 32 32
76 288 384 32 32
76 288 416 32 32
99 288 448 32 32
76 288 480 32 32
76 288 512 32 32
76 288 544 32 32
76 288 576 32 32
76 288 608 32 32
76 288 640 32 32
36 288 672 32 32
36 288 704 32 32
36 288 736 32 32
36 288 768 32 32
36 288 800 32 32
36 288 832 32 32
36 288 864 32 32
36 288 896 32 32
36 288 928 32 32
36 288 960 32 32
36 288 992 32 32
36 288 1024 32 32
36 288 1056 32 32
36 288 1088 32 32
36 288 1120 32 32
76 288 1152 32 32
76 288 1184 32 32
76 288 1216 32 32
76 288 1248 32 32
76 288 1280 32 32
76 288 1312 32 32
76 288 1344 32 32
76 320 0 32 32
76 320 32 32 32
76 320 64 32 32
76 320 96 32 32
76 320 128 32 32
76 320 160 32 32
76 320 192 32 32
76 320 224 32 32
76 320 256 32 32
76 320 288 32 32
76 320 320 32 32
76 320 352 32 32
76 320 384 32 32
76 320 416 32 32
99 320 448 32 32
76 320 480 32 32
76 320 512 32 32
76 320 544 32 32
76 320 576 32 32
76 320 608 32 32
76 320 640 32 32
36 320 672 32 32
36 320 704 32 32
36 320 736 32 32
36 320 768 32 32
36 320 800 32 32
36 320 832 32 32
36 320 864 32 32
36 320 896 32 32
36 320 928 32 32
36 320 960 32 32
36 320 992 32 32
36 320 1024 32 32
36 320 1056 32 32
36 320 1088 32 32
36 320 1120 32 32
76 320 1152 32 32
76 320 1184 32 32
76 320 1216 32 32
76 320 1248 32 32
76 320 1280 32 32
76 320 1312 32 32
76 320 1344 32 32
76 352 0 32 32
76 352 32 32 32
76 352 64 32 32
76 352 96 32 32
76 352 128 32 32
76 352 160 32 32
76 352 192 32 32
76 352 224 32 32
76 352 256 32 32
76 352 288 32 32
76 352 320 32 32
76 352 352 32 32
76 352 384 32 32
76 352 416 32 32
99 352 448 32 32
76 352 480 32 32
76 352 512 32 32
76 352 544 32 32
76 352 576 32 32
76 352 608 32 32
76 352 640 32 32
36 352 672 32 32
36 352 704 32 32
36 352 736 32 32
36 352 768 32 32
36 352 800 32 32
36 352 832 32 32
36 352 864 32 32
36 352 896 32 32
36 352 928 32 32
36 352 960 32 32
36 352 992 32 32
36 352 1024 32 32
36 352 1056 32 32
36 352 1088 32 32
36 352 1120 32 32
76 352 1152 32 32
76 352 1184 32 32
76 352 1216 32 32
76 352 1248 32 32
76 352 1280 32 32
76 352 1312 32 32
76 352 1344 32 32
76 384 0 32 32
76 384 32 32 32
76 384 64 32 32
76 384 96 32 32
76 384 128 32 32
76 384 160 32 32
76 384 192 32 32
76 384 224 32 32
76 384 256 32 32
76 384 288 32 32
76 384 320 32 32
76 384 352 32 32
76 384 384 32 32
76 384 416 32 32
99 384 448 32 32
76 384 480 32 32
76 384 512 32 32
76 384 544 32 32
76 384 576 32 32
76 384 608 32 32
76 384 640 32 32
36 384 672 32 32
36 384 704 32 32
36 384 736 32 32
76 384 768 32 32
76 384 800 32 32
76 384 832 32 32
76 384 864 32 32
76 384 896 32 32
76 384 928 32 32
76 384 960 32 32
76 384 992 32 32
76 384 1024 32 32
36 384 1056 32 32
36 384 1088 32 32
36 384 1120 32 32
76 384 1152 32 32
76 384 1184 32 32
76 384 1216 32 32
76 384 1248 32 32
76 384 1280 32 32
76 384 1312 32 32
76 384 1344 32 32
76 416 0 32 32
76 416 32 32 32
76 416 64 32 32
76 416 96 32 32
76 416 128 32 32
76 416 160 32 32
76 416 192 32 32
76 416 224 32 32
76 416 256 32 32
76 416 288 32 32
76 416 320 32 32
76 416 352 32 32
76 416 384 32 32
76 416 416 32 32
99 416 448 32 32
76 416 480 32 32
76 416 512 32 32
76 416 544 32 32
76 416 576 32 32
76 416 608 32 32
76 416 640 32 32
36 416 672 32 32
36 416 704 32 32
36 416 736 32 32
76 416 768 32 32
76 416 800 32 32
76 416 832 32 32
76 416 864 32 32
76 416 896 32 32
76 416 928 32 32
76 416 960 32 32
76 416 992 32 32
76 416 1024 32 32
36 416 1056 32 32
36 416 1088 32 32
36 416 1120 32 32
76 416 1152 32 32
76 416 1184 32 32
76 416 1216 32 32
76 416 1248 32 32
76 416 1280 32 32
76 416 1312 32 32
76 416 1344 32 32
76 448 0 32 32
76 448 32 32 32
76 448 64 32 32
76 448 96 32 32
76 448 128 32 32
76 448 160 32 32
76 448 192 32 32
76 448 224 32 32
76 448 256 32 32
76 448 288 32 32
76 448 320 32 32
76 448 352 32 32
76 448 384 32 32
76 448 416 32 32
100 448 448 32 32
76 448 480 32 32
76 448 512 32 32
76 448 544 32 32
76 448 576 32 32
76 448 608 32 32
76 448 640 32 32
36 448 672 32 32
36 448 704 32 32
36 448 736 32 32
21 448 768 32 32
20 448 800 32 32
76 448 832 32 32
76 448 864 32 32
18 448 896 32 32
19 448 928 32 32
17 448 960 32 32
17 448 992 32 32
76 448 1024 32 32
36 448 1056 32 32
36 448 1088 32 32
36 448 1120 32 32
76 448 1152 32 32
76 448 1184 32 32
76 448 1216 32 32
76 448 1248 32 32
76 448 1280 32 32
76 448 1312 32 32
76 448 1344 32 32
76 480 0 32 32
76 480 32 32 32
76 480 64 32 32
76 480 96 32 32
76 480 128 32 32
76 480 160 32 32
76 480 192 32 32
76 480 224 32 32
76 480 256 32 32
76 480 288 32 32
76 480 320 32 32
76 480 352 32 32
76 480 384 32 32
76 480 416 32 32
76 480 448 32 32
76 480 480 32 32
76 480 512 32 32
76 480 544 32 32
76 480 576 32 32
76 480 608 32 32
76 480 640 32 32
36 480 672 32 32
36 480 704 32 32
36 480 736 32 32
76 480 768 32 32
76 480 800 32 32
76 480 832 32 32
76 480 864 32 32
18 480 896 32 32
18 480 928 32 32
35 480 960 32 32
17 480 992 32 32
76 480 1024 32 32
36 480 1056 32 32
36 480 1088 32 32
36 480 1120 32 32
76 480 1152 32 32
76 480 1184 32 32
76 480 1216 32 32
76 480 1248 32 32
76 480 1280 32 32
76 480 1312 32 32
76 480 1344 32 32
76 512 0 32 32
76 512 32 32 32
76 512 64 32 32
76 512 96 32 32
76 512 128 32 32
76 512 160 32 32
76 512 192 32 32
76 512 224 32 32
76 512 256 32 32
76 512 288 32 32
76 512 320 32 32
76 512 352 32 32
76 512 384 32 32
76 512 416 32 32
76 512 448 32 32
76 512 480 32 32
36 512 512 32 32
36 512 544 32 32
36 512 576 32 32
36 512 608 32 32
36 512 640 32 32
36 512 672 32 32
36 512 704 32 32
36 512 736 32 32
76 512 768 32 32
76 512 800 32 32
76 512 832 32 32
76 512 864 32 32
18 512 896 32 32
19 512 928 32 32
17 512 960 32 32
17 512 992 32 32
76 512 1024 32 32
36 512 1056 32 32
36 512 1088 32 32
36 512 1120 32 32
76 512 1152 32 32
76 512 1184 32 32
76 512 1216 32 32
76 512 1248 32 32
76 512 1280 32 32
76 512 1312 32 32
76 512 1344 32 32
76 544 0 32 32
76 544 32 32 32
76 544 64 32 32
76 544 96 32 32
76 544 128 32 32
76 544 160 32 32
76 544 192 32 32
76 544 224 32 32
76 544 256 32 32
76 544 288 32 32
76 544 320 32 32
76 544 352 32 32
76 544 384 32 32
76 544 416 32 32
76 544 448 32 32
76 544 480 32 32
36 544 512 32 32
36 544 544 32 32
36 544 576 32 32
36 544 608 32 32
36 544 640 32 32
36 544 672 32 32
36 544 704 32 32
36 544 736 32 32
76 544 768 32 32
76 544 800 32 32
76 544 832 32 32
76 544 864 32 32
18 544 896 32 32
19 544 928 32 32
17 544 960 32 32
67 544 992 32 32
36 544 1024 32 32
36 544 1056 32 32
36 544 1088 32 32
36 544 1120 32 32
76 544 1152 32 32
76 544 1184 32 32
76 544 1216 32 32
76 544 1248 32 32
76 544 1280 32 32
76 544 1312 32 32
76 544 1344 32 32
76 576 0 32 32
76 576 32 32 32
76 576 64 32 32
76 576 96 32 32
76 576 128 32 32
76 576 160 32 32
76 576 192 32 32
76 576 224 32 32
76 576 256 32 32
76 576 288 32 32
76 576 320 32 32
76 576 352 32 32
76 576 384 32 32
76 576 416 32 32
76 576 448 32 32
76 576 480 32 32
36 576 512 32 32
36 576 544 32 32
36 576 576 32 32
36 576 608 32 32
36 576 640 32 32
36 576 672 32 32
36 576 704 32 32
36 576 736 32 32
76 576 768 32 32
76 576 800 32 32
76 576 832 32 32
76 576 864 32 32
18 576 896 32 32
18 576 928 32 32
35 576 960 32 32
17 576 992 32 32
76 576 1024 32 32
36 576 1056 32 32
36 576 1088 32 32
36 576 1120 32 32
76 576 1152 32 32
76 576 1184 32 32
76 576 1216 32 32
76 576 1248 32 32
76 576 1280 32 32
76 576 1312 32 32
76 576 1344 32 32
76 608 0 32 32
76 608 32 32 32
76 608 64 32 32
76 608 96 32 32
76 608 128 32 32
76 608 160 32 32
76 608 192 32 32
76 608 224 32 32
76 608 256 32 32
76 608 288 32 32
76 608 320 32 32
76 608 352 32 32
76 608 384 32 32
76 608 416 32 32
76 608 448 32 32
76 608 480 32 32
36 608 512 32 32
36 608 544 32 32
36 608 576 32 32
76 608 608 32 32
76 608 640 32 32
76 608 672 32 32
76 608 704 32 32
76 608 736 32 32
76 608 768 32 32
76 608 800 32 32
76 608 832 32 32
76 608 864 32 32
18 608 896 32 32
19 608 928 32 32
17 608 960 32 32
17 608 992 32 32
76 608 1024 32 32
36 608 1056 32 32
36 608 1088 32 32
36 608 1120 32 32
76 608 1152 32 32
76 608 1184 32 32
76 608 1216 32 32
76 608 1248 32 32
76 608 1280 32 32
76 608 1312 32 32
76 608 1344 32 32
76 640 0 32 32
76 640 32 32 32
76 640 64 32 32
76 640 96 32 32
76 640 128 32 32
76 640 160 32 32
76 640 192 32 32
76 640 224 32 32
76 640 256 32 32
76 640 288 32 32
76 640 320 32 32
76 640 352 32 32
76 640 384 32 32
76 640 416 32 32
76 640 448 32 32
76 640 480 32 32
36 640 512 32 32
36 640 544 32 32
36 640 576 32 32
76 640 608 32 32
76 640 640 32 32
76 640 672 32 32
76 640 704 32 32
76 640 736 32 32
76 640 768 32 32
76 640 800 32 32
76 640 832 32 32
76 640 864 32 32
76 640 896 32 32
76 640 928 32 32
76 640 960 32 32
76 640 992 32 32
76 640 1024 32 32
76 640 1056 32 32
76 640 1088 32 32
76 640 1120 32 32
76 640 1152 32 32
76 640 1184 32 32
76 640 1216 32 32
76 640 1248 32 32
76 640 1280 32 32
76 640 1312 32 32
76 640 1344 32 32
76 672 0 32 32
76 672 32 32 32
76 672 64 32 32
76 672 96 32 32
76 672 128 32 32
76 672 160 32 32
76 672 192 32 32
76 672 224 32 32
76 672 256 32 32
76 672 288 32 32
76 672 320 32 32
76 672 352 32 32
76 672 384 32 32
76 672 416 32 32
76 672 448 32 32
76 672 480 32 32
36 672 512 32 32
36 672 544 32 32
36 672 576 32 32
76 672 608 32 32
76 672 640 32 32
101 672 672 32 32
76 672 704 32 32
76 672 736 32 32
76 672 768 32 32
76 672 800 32 32
76 672 832 32 32
76 672 864 32 32
76 672 896 32 32
76 672 928 32 32
76 672 960 32 32
76 672 992 32 32
76 672 1024 32 32
76 672 1056 32 32
76 672 1088 32 32
76 672 1120 32 32
76 672 1152 32 32
76 672 1184 32 32
76 672 1216 32 32
76 672 1248 32 32
76 672 1280 32 32
76 672 1312 32 32
76 672 1344 32 32
76 704 0 32 32
76 704 32 32 32
76 704 64 32 32
76 704 96 32 32
76 704 128 32 32
76 704 160 32 32
76 704 192 32 32
76 704 224 32 32
76 704 256 32 32
76 704 288 32 32
76 704 320 32 32
76 704 352 32 32
76 704 384 32 32
76 704 416 32 32
76 704 448 32 32
76 704 480 32 32
36 704 512 32 32
36 704 544 32 32
36 704 576 32 32
76 704 608 32 32
76 704 640 32 32
99 704 672 32 32
76 704 704 32 32
76 704 736 32 32
76 704 768 32 32
76 704 800 32 32
76 704 832 32 32
76 704 864 32 32
76 704 896 32 32
76 704 928 32 32
76 704 960 32 32
76 704 992 32 32
76 704 1024 32 32
76 704 1056 32 32
76 704 1088 32 32
76 704 1120 32 32
76 704 1152 32 32
76 704 1184 32 32
76 704 1216 32 32
76 704 1248 32 32
76 704 1280 32 32
76 704 1312 32 32
76 704 1344 32 32
76 736 0 32 32
76 736 32 32 32
76 736 64 32 32
76 736 96 32 32
76 736 128 32 32
76 736 160 32 32
76 736 192 32 32
76 736 224 32 32
76 736 256 32 32
76 736 288 32 32
76 736 320 32 32
76 736 352 32 32
76 736 384 32 32
76 736 416 32 32
76 736 448 32 32
76 736 480 32 32
36 736 512 32 32
36 736 544 32 32
36 736 576 32 32
76 736 608 32 32
76 736 640 32 32
99 736 672 32 32
76 736 704 32 32
76 736 736 32 32
76 736 768 32 32
76 736 800 32 32
76 736 832 32 32
76 736 864 32 32
76 736 896 32 32
76 736 928 32 32
76 736 960 32 32
76 736 992 32 32
76 736 1024 32 32
76 736 1056 32 32
76 736 1088 32 32
76 736 1120 32 32
76 736 1152 32 32
76 736 1184 32 32
76 736 1216 32 32
76 736 1248 32 32
76 736 1280 32 32
76 736 1312 32 32
76 736 1344 32 32
76 768 0 32 32
76 768 32 32 32
76 768 64 32 32
76 768 96 32 32
76 768 128 32 32
76 768 160 32 32
76 768 192 32 32
76 768 224 32 32
76 768 256 32 32
76 768 288 32 32
76 768 320 32 32
76 768 352 32 32
76 768 384 32 32
76 768 416 32 32
76 768 448 32 32
76 768 480 32 32
36 768 512 32 32
36 768 544 32 32
36 768 576 32 32
76 768 608 32 32
76 768 640 32 32
99 768 672 32 32
76 768 704 32 32
76 768 736 32 32
76 768 768 32 32
76 768 800 32 32
76 768 832 32 32
76 768 864 32 32
76 768 896 32 32
76 768 928 32 32
76 768 960 32 32
76 768 992 32 32
76 768 1024 32 32
76 768 1056 32 32
76 768 1088 32 32
76 768 1120 32 32
76 768 1152 32 32
76 768 1184 32 32
76 768 1216 32 32
76 768 1248 32 32
76 768 1280 32 32
76 768 1312 32 32
76 768 1344 32 32
76 800 0 32 32
76 800 32 32 32
76 800 64 32 32
76 800 96 32 32
76 800 128 32 32
76 800 160 32 32
76 800 192 32 32
76 800 224 32 32
76 800 256 32 32
76 800 288 32 32
76 800 320 32 32
76 800 352 32 32
76 800 384 32 32
76 800 416 32 32
76 800 448 32 32
76 800 480 32 32
36 800 512 32 32
36 800 544 32 32
36 800 576 32 32
76 800 608 32 32
76 800 640 32 32
99 800 672 32 32
76 800 704 32 32
76 800 736 32 32
76 800 768 32 32
76 800 800 32 32
76 800 832 32 32
76 800 864 32 32
76 800 896 32 32
76 800 928 32 32
76 800 960 32 32
76 800 992 32 32
76 800 1024 32 32
76 800 1056 32 32
76 800 1088 32 32
76 800 1120 32 32
76 800 1152 32 32
76 800 1184 32 32
76 800 1216 32 32
76 800 1248 32 32
76 800 1280 32 32
76 800 1312 32 32
76 800 1344 32 32
76 832 0 32 32
76 832 32 32 32
76 832 64 32 32
76 832 96 32 32
76 832 128 32 32
76 832 160 32 32
76 832 192 32 32
76 832 224 32 32
76 832 256 32 32
76 832 288 32 32
76 832 320 32 32
76 832 352 32 32
76 832 384 32 32
76 832 416 32 32
76 832 448 32 32
76 832 480 32 32
36 832 512 32 32
36 832 544 32 32
36 832 576 32 32
76 832 608 32 32
76 832 640 32 32
99 832 672 32 32
76 832 704 32 32
76 832 736 32 32
76 832 768 32 32
76 832 800 32 32
76 832 832 32 32
76 832 864 32 32
76 832 896 32 32
76 832 928 32 32
76 832 960 32 32
76 832 992 32 32
76 832 1024 32 32
76 832 1056 32 32
76 832 1088 32 32
76 832 1120 32 32
76 832 1152 32 32
76 832 1184 32 32
76 832 1216 32 32
76 832 1248 32 32
76 832 1280 32 32
76 832 1312 32 32
76 832 1344 32 32
76 864 0 32 32
76 864 32 32 32
76 864 64 32 32
76 864 96 32 32
76 864 128 32 32
76 864 160 32 32
76 864 192 32 32
76 864 224 32 32
76 864 256 32 32
76 864 288 32 32
76 864 320 32 32
76 864 352 32 32
21 864 384 32 32
20 864 416 32 32
76 864 448 32 32
76 864 480 32 32
36 864 512 32 32
36 864 544 32 32
36 864 576 32 32
76 864 608 32 32
76 864 640 32 32
100 864 672 32 32
76 864 704 32 32
76 864 736 32 32
76 864 768 32 32
76 864 800 32 32
76 864 832 32 32
76 864 864 32 32
76 864 896 32 32
76 864 928 32 32
76 864 960 32 32
76 864 992 32 32
76 864 1024 32 32
76 864 1056 32 32
76 864 1088 32 32
76 864 1120 32 32
76 864 1152 32 32
76 864 1184 32 32
76 864 1216 32 32
76 864 1248 32 32
76 864 1280 32 32
76 864 1312 32 32
76 864 1344 32 32
76 896 0 32 32
76 896 32 32 32
76 896 64 32 32
76 896 96 32 32
76 896 128 32 32
76 896 160 32 32
76 896 192 32 32
76 896 224 32 32
76 896 256 32 32
76 896 288 32 32
76 896 320 32 32
76 896 352 32 32
76 896 384 32 32
76 896 416 32 32
76 896 448 32 32
76 896 480 32 32
36 896 512 32 32
36 896 544 32 32
36 896 576 32 32
76 896 608 32 32
76 896 640 32 32
76 896 672 32 32
76 896 704 32 32
76 896 736 32 32
76 896 768 32 32
76 896 800 32 32
76 896 832 32 32
76 896 864 32 32
76 896 896 32 32
76 896 928 32 32
76 896 960 32 32
76 896 992 32 32
76 896 1024 32 32
76 896 1056 32 32
76 896 1088 32 32
76 896 1120 32 32
76 896 1152 32 32
76 896 1184 32 32
76 896 1216 32 32
76 896 1248 32 32
76 896 1280 32 32
76 896 1312 32 32
76 896 1344 32 32
76 928 0 32 32
76 928 32 32 32
76 928 64 32 32
76 928 96 32 32
76 928 128 32 32
76 928 160 32 32
76 928 192 32 32
76 928 224 32 32
76 928 256 32 32
76 928 288 32 32
76 928 320 32 32
76 928 352 32 32
76 928 384 32 32
76 928 416 32 32
76 928 448 32 32
76 928 480 32 32
36 928 512 32 32
36 928 544 32 32
36 928 576 32 32
76 928 608 32 32
76 928 640 32 32
76 928 672 32 32
76 928 704 32 32
76 928 736 32 32
76 928 768 32 32
76 928 800 32 32
76 928 832 32 32
76 928 864 32 32
76 928 896 32 32
76 928 928 32 32
76 928 960 32 32
76 928 992 32 32
76 928 1024 32 32
76 928 1056 32 32
76 928 1088 32 32
76 928 1120 32 32
76 928 1152 32 32
76 928 1184 32 32
76 928 1216 32 32
76 928 1248 32 32
76 928 1280 32 32
76 928 1312 32 32
76 928 1344 32 32
76 960 0 32 32
76 960 32 32 32
76 960 64 32 32
76 960 96 32 32
76 960 128 32 32
76 960 160 32 32
76 960 192 32 32
76 960 224 32 32
76 960 256 32 32
76 960 288 32 32
76 960 320 32 32
76 960 352 32 32
76 960 384 32 32
76 960 416 32 32
76 960 448 32 32
76 960 480 32 32
36 960 512 32 32
36 960 544 32 32
36 960 576 32 32
36 960 608 32 32
36 960 640 32 32
36 960 672 32 32
36 960 704 32 32
36 960 736 32 32
36 960 768 32 32
76 960 800 32 32
76 960 832 32 32
76 960 864 32 32
76 960 896 32 32
76 960 928 32 32
76 960 960 32 32
76 960 992 32 32
76 960 1024 32 32
76 960 1056 32 32
76 960 1088 32 32
76 960 1120 32 32
76 960 1152 32 32
76 960 1184 32 32
76 960 1216 32 32
76 960 1248 32 32
76 960 1280 32 32
76 960 1312 32 32
76 960 1344 32 32
76 992 0 32 32
76 992 32 32 32
76 992 64 32 32
76 992 96 32 32
76 992 128 32 32
76 992 160 32 32
76 992 192 32 32
76 992 224 32 32
76 992 256 32 32
76 992 288 32 32
76 992 320 32 32
76 992 352 32 32
76 992 384 32 32
76 992 416 32 32
76 992 448 32 32
76 992 480 32 32
36 992 512 32 32
36 992 544 32 32
36 992 576 32 32
36 992 608 32 32
36 992 640 32 32
36 992 672 32 32
36 992 704 32 32
36 992 736 32 32
36 992 768 32 32
76 992 800 32 32
76 992 832 32 32
76 992 864 32 32
76 992 896 32 32
76 992 928 32 32
76 992 960 32 32
76 992 992 32 32
76 992 1024 32 32
76 992 1056 32 32
76 992 1088 32 32
76 992 1120 32 32
76 992 1152 32 32
76 992 1184 32 32
76 992 1216 32 32
76 992 1248 32 32
76 992 1280 32 32
76 992 1312 32 32
76 992 1344 32 32
76 1024 0 32 32
76 1024 32 32 32
76 1024 64 32 32
76 1024 96 32 32
76 1024 128 32 32
76 1024 160 32 32
76 1024 192 32 32
76 1024 224 32 32
76 1024 256 32 32
76 1024 288 32 32
76 1024 320 32 32
76 1024 352 32 32
76 1024 384 32 32
76 1024 416 32 32
76 1024 448 32 32
76 1024 480 32 32
36 1024 512 32 32
36 1024 544 32 32
36 1024 576 32 32
36 1024 608 32 32
36 1024 640 32 32
36 1024 672 32 32
36 1024 704 32 32
36 1024 736 32 32
36 1024 768 32 32
76 1024 800 32 32
76 1024 832 32 32
76 1024 864 32 32
76 1024 896 32 32
76 1024 928 32 32
76 1024 960 32 32
76 1024 992 32 32
76 1024 1024 32 32
76 1024 1056 32 32
76 1024 1088 32 32
76 1024 1120 32 32
76 1024 1152 32 32
76 1024 1184 32 32
76 1024 1216 32 32
76 1024 1248 32 32
76 1024 1280 32 32
76 1024 1312 32 32
76 1024 1344 32 32
76 1056 0 32 32
76 1056 32 32 32
76 1056 64 32 32
76 1056 96 32 32
76 1056 128 32 32
76 1056 160 32 32
76 1056 192 32 32
76 1056 224 32 32
76 1056 256 32 32
76 1056 288 32 32
76 1056 320 32 32
76 1056 352 32 32
76 1056 384 32 32
76 1056 416 32 32
76 1056 448 32 32
76 1056 480 32 32
76 1056 512 32 32
76 1056 544 32 32
76 1056 576 32 32
76 1056 608 32 32
76 1056 640 32 32
76 1056 672 32 32
36 1056 704 32 32
36 1056 736 32 32
36 1056 768 32 32
76 1056 800 32 32
76 1056 832 32 32
101 1056 864 32 32
76 1056 896 32 32
76 1056 928 32 32
76 1056 960 32 32
76 1056 992 32 32
76 1056 1024 32 32
76 1056 1056 32 32
76 1056 1088 32 32
76 1056 1120 32 32
76 1056 1152 32 32
76 1056 1184 32 32
76 1056 1216 32 32
76 1056 1248 32 32
76 1056 1280 32 32
76 1056 1312 32 32
76 1056 1344 32 32
76 1088 0 32 32
76 1088 32 32 32
76 1088 64 32 32
76 1088 96 32 32
76 1088 128 32 32
76 1088 160 32 32
76 1088 192 32 32
76 1088 224 32 32
76 1088 256 32 32
76 1088 288 32 32
76 1088 320 32 32
76 1088 352 32 32
76 1088 384 32 32
76 1088 416 32 32
76 1088 448 32 32
76 1088 480 32 32
76 1088 512 32 32
21 1088 544 32 32
20 1088 576 32 32
76 1088 608 32 32
76 1088 640 32 32
76 1088 672 32 32
36 1088 704 32 32
36 1088 736 32 32
36 1088 768 32 32
76 1088 800 32 32
76 1088 832 32 32
99 1088 864 32 32
76 1088 896 32 32
76 1088 928 32 32
76 1088 960 32 32
76 1088 992 32 32
76 1088 1024 32 32
76 1088 1056 32 32
76 1088 1088 32 32
76 1088 1120 32 32
76 1088 1152 32 32
76 1088 1184 32 32
76 1088 1216 32 32
76 1088 1248 32 32
76 1088 1280 32 32
76 1088 1312 32 32
76 1088 1344 32 32
76 1120 0 32 32
76 1120 32 32 32
76 1120 64 32 32
76 1120 96 32 32
76 1120 128 32 32
76 1120 160 32 32
76 1120 192 32 32
76 1120 224 32 32
76 1120 256 32 32
76 1120 288 32 32
76 1120 320 32 32
76 1120 352 32 32
76 1120 384 32 32
76 1120 416 32 32
76 1120 448 32 32
76 1120 480 32 32
76 1120 512 32 32
76 1120 544 32 32
76 1120 576 32 32
76 1120 608 32 32
76 1120 640 32 32
76 1120 672 32 32
36 1120 704 32 32
36 1120 736 32 32
36 1120 768 32 32
76 1120 800 32 32
76 1120 832 32 32
99 1120 864 32 32
76 1120 896 32 32
76 1120 928 32 32
76 1120 960 32 32
76 1120 992 32 32
76 1120 1024 32 32
76 1120 1056 32 32
76 1120 1088 32 32
76 1120 1120 32 32
76 1120 1152 32 32
76 1120 1184 32 32
76 1120 1216 32 32
76 1120 1248 32 32
76 1120 1280 32 32
76 1120 1312 32 32
76 1120 1344 32 32
76 1152 0 32 32
76 1152 32 32 32
76 1152 64 32 32
76 1152 96 32 32
76 1152 128 32 32
76 1152 160 32 32
76 1152 192 32 32
76 1152 224 32 32
76 1152 256 32 32
76 1152 288 32 32
76 1152 320 32 32
76 1152 352 32 32
76 1152 384 32 32
76 1152 416 32 32
76 1152 448 32 32
76 1152 480 32 32
76 1152 512 32 32
76 1152 544 32 32
76 1152 576 32 32
76 1152 608 32 32
76 1152 640 32 32
76 1152 672 32 32
36 1152 704 32 32
36 1152 736 32 32
36 1152 768 32 32
76 1152 800 32 32
76 1152 832 32 32
99 1152 864 32 32
76 1152 896 32 32
76 1152 928 32 32
76 1152 960 32 32
76 1152 992 32 32
76 1152 1024 32 32
76 1152 1056 32 32
76 1152 1088 32 32
76 1152 1120 32 32
76 1152 1152 32 32
76 1152 1184 32 32
76 1152 1216 32 32
76 1152 1248 32 32
76 1152 1280 32 32
76 1152 1312 32 32
76 1152 1344 32 32
76 1184 0 32 32
76 1184 32 32 32
76 1184 64 32 32
76 1184 96 32 32
76 1184 128 32 32
76 1184 160 32 32
101 1184 192 32 32
76 1184 224 32 32
76 1184 256 32 32
76 1184 288 32 32
76 1184 320 32 32
76 1184 352 32 32
76 1184 384 32 32
76 1184 416 32 32
76 1184 448 32 32
76 1184 480 32 32
76 1184 512 32 32
76 1184 544 32 32
76 1184 576 32 32
21 1184 608 32 32
20 1184 640 32 32
76 1184 672 32 32
36 1184 704 32 32
36 1184 736 32 32
36 1184 768 32 32
76 1184 800 32 32
76 1184 832 32 32
100 1184 864 32 32
76 1184 896 32 32
76 1184 928 32 32
76 1184 960 32 32
76 1184 992 32 32
76 1184 1024 32 32
76 1184 1056 32 32
76 1184 1088 32 32
76 1184 1120 32 32
76 1184 1152 32 32
76 1184 1184 32 32
76 1184 1216 32 32
76 1184 1248 32 32
76 1184 1280 32 32
76 1184 1312 32 32
76 1184 1344 32 32
76 1216 0 32 32
76 1216 32 32 32
76 1216 64 32 32
76 1216 96 32 32
76 1216 128 32 32
76 1216 160 32 32
99 1216 192 32 32
76 1216 224 32 32
76 1216 256 32 32
76 1216 288 32 32
76 1216 320 32 32
76 1216 352 32 32
76 1216 384 32 32
76 1216 416 32 32
76 1216 448 32 32
76 1216 480 32 32
76 1216 512 32 32
76 1216 544 32 32
76 1216 576 32 32
76 1216 608 32 32
76 1216 640 32 32
76 1216 672 32 32
36 1216 704 32 32
36 1216 736 32 32
36 1216 768 32 32
76 1216 800 32 32
76 1216 832 32 32
76 1216 864 32 32
76 1216 896 32 32
76 1216 928 32 32
76 1216 960 32 32
76 1216 992 32 32
76 1216 1024 32 32
76 1216 1056 32 32
76 1216 1088 32 32
76 1216 1120 32 32
76 1216 1152 32 32
76 1216 1184 32 32
76 1216 1216 32 32
76 1216 1248 32 32
76 1216 1280 32 32
76 1216 1312 32 32
76 1216 1344 32 32
76 1248 0 32 32
76 1248 32 32 32
76 1248 64 32 32
76 1248 96 32 32
76 1248 128 32 32
76 1248 160 32 32
99 1248 192 32 32
76 1248 224 32 32
76 1248 256 32 32
76 1248 288 32 32
76 1248 320 32 32
76 1248 352 32 32
36 1248 384 32 32
36 1248 416 32 32
36 1248 448 32 32
36 1248 480 32 32
36 1248 512 32 32
36 1248 544 32 32
36 1248 576 32 32
36 1248 608 32 32
36 1248 640 32 32
36 1248 672 32 32
36 1248 704 32 32
36 1248 736 32 32
36 1248 768 32 32
76 1248 800 32 32
76 1248 832 32 32
76 1248 864 32 32
76 1248 896 32 32
76 1248 928 32 32
76 1248 960 32 32
76 1248 992 32 32
76 1248 1024 32 32
76 1248 1056 32 32
76 1248 1088 32 32
76 1248 1120 32 32
76 1248 1152 32 32
76 1248 1184 32 32
76 1248 1216 32 32
76 1248 1248 32 32
76 1248 1280 32 32
76 1248 1312 32 32
76 1248 1344 32 32
76 1280 0 32 32
76 1280 32 32 32
76 1280 64 32 32
76 1280 96 32 32
76 1280 128 32 32
76 1280 160 32 32
99 1280 192 32 32
76 1280 224 32 32
76 1280 256 32 32
76 1280 288 32 32
76 1280 320 32 32
76 1280 352 32 32
36 1280 384 32 32
36 1280 416 32 32
36 1280 448 32 32
36 1280 480 32 32
36 1280 512 32 32
36 1280 544 32 32
36 1280 576 32 32
36 1280 608 32 32
36 1280 640 32 32
36 1280 672 32 32
36 1280 704 32 32
36 1280 736 32 32
36 1280 768 32 32
76 1280 800 32 32
76 1280 832 32 32
76 1280 864 32 32
76 1280 896 32 32
76 1280 928 32 32
76 1280 960 32 32
76 1280 992 32 32
76 1280 1024 32 32
76 1280 1056 32 32
76 1280 1088 32 32
76 1280 1120 32 32
76 1280 1152 32 32
76 1280 1184 32 32
76 1280 1216 32 32
76 1280 1248 32 32
76 1280 1280 32 32
76 1280 1312 32 32
76 1280 1344 32 32
76 1312 0 32 32
76 1312 32 32 32
76 1312 64 32 32
76 1312 96 32 32
76 1312 128 32 32
76 1312 160 32 32
99 1312 192 32 32
76 1312 224 32 32
76 1312 256 32 32
76 1312 288 32 32
76 1312 320 32 32
76 1312 352 32 32
36 1312 384 32 32
36 1312 416 32 32
36 1312 448 32 32
36 1312 480 32 32
36 1312 512 32 32
36 1312 544 32 32
36 1312 576 32 32
36 1312 608 32 32
36 1312 640 32 32
36 1312 672 32 32
36 1312 704 32 32
36 1312 736 32 32
36 1312 768 32 32
76 1312 800 32 32
76 1312 832 32 32
76 1312 864 32 32
76 1312 896 32 32
76 1312 928 32 32
76 1312 960 32 32
76 1312 992 32 32
76 1312 1024 32 32
76 1312 1056 32 32
76 1312 1088 32 32
76 1312 1120 32 32
76 1312 1152 32 32
76 1312 1184 32 32
76 1312 1216 32 32
76 1312 1248 32 32
76 1312 1280 32 32
76 1312 1312 32 32
76 1312 1344 32 32
76 1344 0 32 32
76 1344 32 32 32
76 1344 64 32 32
76 1344 96 32 32
76 1344 128 32 32
76 1344 160 32 32
99 1344 192 32 32
76 1344 224 32 32
76 1344 256 32 32
76 1344 288 32 32
76 1344 320 32 32
76 1344 352 32 32
36 1344 384 32 32
36 1344 416 32 32
36 1344 448 32 32
76 1344 480 32 32
76 1344 512 32 32
76 1344 544 32 32
76 1344 576 32 32
76 1344 608 32 32
76 1344 640 32 32
76 1344 672 32 32
76 1344 704 32 32
76 1344 736 32 32
76 1344 768 32 32
76 1344 800 32 32
76 1344 832 32 32
76 1344 864 32 32
76 1344 896 32 32
76 1344 928 32 32
76 1344 960 32 32
76 1344 992 32 32
76 1344 1024 32 32
76 1344 1056 32 32
76 1344 1088 32 32
76 1344 1120 32 32
76 1344 1152 32 32
76 1344 1184 32 32
76 1344 1216 32 32
76 1344 1248 32 32
76 1344 1280 32 32
76 1344 1312 32 32
76 1344 1344 32 32
76 1376 0 32 32
76 1376 32 32 32
76 1376 64 32 32
76 1376 96 32 32
76 1376 128 32 32
76 1376 160 32 32
99 1376 192 32 32
76 1376 224 32 32
76 1376 256 32 32
76 1376 288 32 32
76 1376 320 32 32
76 1376 352 32 32
36 1376 384 32 32
36 1376 416 32 32
36 1376 448 32 32
76 1376 480 32 32
76 1376 512 32 32
76 1376 544 32 32
76 1376 576 32 32
101 1376 608 32 32
76 1376 640 32 32
76 1376 672 32 32
76 1376 704 32 32
76 1376 736 32 32
76 1376 768 32 32
76 1376 800 32 32
76 1376 832 32 32
76 1376 864 32 32
76 1376 896 32 32
76 1376 928 32 32
76 1376 960 32 32
76 1376 992 32 32
76 1376 1024 32 32
76 1376 1056 32 32
76 1376 1088 32 32
76 1376 1120 32 32
76 1376 1152 32 32
76 1376 1184 32 32
76 1376 1216 32 32
76 1376 1248 32 32
76 1376 1280 32 32
76 1376 1312 32 32
76 1376 1344 32 32
76 1408 0 32 32
76 1408 32 32 32
76 1408 64 32 32
76 1408 96 32 32
76 1408 128 32 32
76 1408 160 32 32
100 1408 192 32 32
76 1408 224 32 32
76 1408 256 32 32
76 1408 288 32 32
76 1408 320 32 32
76 1408 352 32 32
36 1408 384 32 32
36 1408 416 32 32
36 1408 448 32 32
76 1408 480 32 32
76 1408 512 32 32
76 1408 544 32 32
76 1408 576 32 32
99 1408 608 32 32
76 1408 640 32 32
76 1408 672 32 32
76 1408 704 32 32
76 1408 736 32 32
76 1408 768 32 32
76 1408 800 32 32
76 1408 832 32 32
76 1408 864 32 32
76 1408 896 32 32
76 1408 928 32 32
76 1408 960 32 32
101 1408 992 32 32
76 1408 1024 32 32
76 1408 1056 32 32
76 1408 1088 32 32
76 1408 1120 32 32
76 1408 1152 32 32
76 1408 1184 32 32
76 1408 1216 32 32
76 1408 1248 32 32
76 1408 1280 32 32
76 1408 1312 32 32
76 1408 1344 32 32
76 1440 0 32 32
76 1440 32 32 32
76 1440 64 32 32
76 1440 96 32 32
76 1440 128 32 32
76 1440 160 32 32
76 1440 192 32 32
76 1440 224 32 32
76 1440 256 32 32
76 1440 288 32 32
76 1440 320 32 32
76 1440 352 32 32
36 1440 384 32 32
36 1440 416 32 32
36 1440 448 32 32
76 1440 480 32 32
76 1440 512 32 32
76 1440 544 32 32
76 1440 576 32 32
99 1440 608 32 32
76 1440 640 32 32
76 1440 672 32 32
76 1440 704 32 32
76 1440 736 32 32
76 1440 768 32 32
76 1440 800 32 32
76 1440 832 32 32
76 1440 864 32 32
76 1440 896 32 32
76 1440 928 32 32
76 1440 960 32 32
99 1440 992 32 32
76 1440 1024 32 32
76 1440 1056 32 32
76 1440 1088 32 32
76 1440 1120 32 32
76 1440 1152 32 32
76 1440 1184 32 32
76 1440 1216 32 32
76 1440 1248 32 32
76 1440 1280 32 32
76 1440 1312 32 32
76 1440 1344 32 32
76 1472 0 32 32
76 1472 32 32 32
76 1472 64 32 32
76 1472 96 32 32
76 1472 128 32 32
76 1472 160 32 32
76 1472 192 32 32
76 1472 224 32 32
76 1472 256 32 32
76 1472 288 32 32
76 1472 320 32 32
76 1472 352 32 32
36 1472 384 32 32
36 1472 416 32 32
36 1472 448 32 32
76 1472 480 32 32
76 1472 512 32 32
76 1472 544 32 32
76 1472 576 32 32
99 1472 608 32 32
76 1472 640 32 32
76 1472 672 32 32
76 1472 704 32 32
76 1472 736 32 32
76 1472 768 32 32
76 1472 800 32 32
76 1472 832 32 32
76 1472 864 32 32
76 1472 896 32 32
76 1472 928 32 32
76 1472 960 32 32
99 1472 992 32 32
76 1472 1024 32 32
76 1472 1056 32 32
76 1472 1088 32 32
76 1472 1120 32 32
76 1472 1152 32 32
76 1472 1184 32 32
76 1472 1216 32 32
76 1472 1248 32 32
76 1472 1280 32 32
76 1472 1312 32 32
76 1472 1344 32 32
76 1504 0 32 32
76 1504 32 32 32
76 1504 64 32 32
76 1504 96 32 32
76 1504 128 32 32
76 1504 160 32 32
76 1504 192 32 32
76 1504 224 32 32
76 1504 256 32 32
76 1504 288 32 32
76 1504 320 32 32
76 1504 352 32 32
36 1504 384 32 32
36 1504 416 32 32
36 1504 448 32 32
76 1504 480 32 32
76 1504 512 32 32
76 1504 544 32 32
76 1504 576 32 32
100 1504 608 32 32
76 1504 640 32 32
76 1504 672 32 32
76 1504 704 32 32
76 1504 736 32 32
76 1504 768 32 32
76 1504 800 32 32
76 1504 832 32 32
76 1504 864 32 32
76 1504 896 32 32
76 1504 928 32 32
76 1504 960 32 32
99 1504 992 32 32
76 1504 1024 32 32
76 1504 1056 32 32
76 1504 1088 32 32
76 1504 1120 32 32
76 1504 1152 32 32
76 1504 1184 32 32
76 1504 1216 32 32
76 1504 1248 32 32
76 1504 1280 32 32
76 1504 1312 32 32
76 1504 1344 32 32
76 1536 0 32 32
76 1536 32 32 32
76 1536 64 32 32
76 1536 96 32 32
76 1536 128 32 32
76 1536 160 32 32
76 1536 192 32 32
76 1536 224 32 32
76 1536 256 32 32
76 1536 288 32 32
76 1536 320 32 32
76 1536 352 32 32
36 1536 384 32 32
36 1536 416 32 32
36 1536 448 32 32
76 1536 480 32 32
76 1536 512 32 32
76 1536 544 32 32
76 1536 576 32 32
76 1536 608 32 32
76 1536 640 32 32
101 1536 672 32 32
36 1536 704 32 32
36 1536 736 32 32
36 1536 768 32 32
36 1536 800 32 32
36 1536 832 32 32
36 1536 864 32 32
101 1536 896 32 32
76 1536 928 32 32
76 1536 960 32 32
99 1536 992 32 32
76 1536 1024 32 32
76 1536 1056 32 32
76 1536 1088 32 32
76 1536 1120 32 32
76 1536 1152 32 32
76 1536 1184 32 32
76 1536 1216 32 32
76 1536 1248 32 32
76 1536 1280 32 32
76 1536 1312 32 32
76 1536 1344 32 32
76 1568 0 32 32
76 1568 32 32 32
76 1568 64 32 32
76 1568 96 32 32
76 1568 128 32 32
76 1568 160 32 32
76 1568 192 32 32
76 1568 224 32 32
76 1568 256 32 32
21 1568 288 32 32
20 1568 320 32 32
76 1568 352 32 32
36 1568 384 32 32
36 1568 416 32 32
36 1568 448 32 32
76 1568 480 32 32
76 1568 512 32 32
76 1568 544 32 32
76 1568 576 32 32
76 1568 608 32 32
76 1568 640 32 32
99 1568 672 32 32
36 1568 704 32 32
36 1568 736 32 32
36 1568 768 32 32
36 1568 800 32 32
36 1568 832 32 32
36 1568 864 32 32
99 1568 896 32 32
76 1568 928 32 32
76 1568 960 32 32
100 1568 992 32 32
76 1568 1024 32 32
76 1568 1056 32 32
76 1568 1088 32 32
76 1568 1120 32 32
76 1568 1152 32 32
76 1568 1184 32 32
76 1568 1216 32 32
76 1568 1248 32 32
76 1568 1280 32 32
76 1568 1312 32 32
76 1568 1344 32 32
76 1600 0 32 32
76 1600 32 32 32
76 1600 64 32 32
76 1600 96 32 32
76 1600 128 32 32
76 1600 160 32 32
76 1600 192 32 32
76 1600 224 32 32
76 1600 256 32 32
76 1600 288 32 32
76 1600 320 32 32
76 1600 352 32 32
36 1600 384 32 32
36 1600 416 32 32
36 1600 448 32 32
76 1600 480 32 32
76 1600 512 32 32
76 1600 544 32 32
76 1600 576 32 32
76 1600 608 32 32
76 1600 640 32 32
100 1600 672 32 32
36 1600 704 32 32
36 1600 736 32 32
21 1600 768 32 32
20 1600 800 32 32
36 1600 832 32 32
36 1600 864 32 32
99 1600 896 32 32
76 1600 928 32 32
76 1600 960 32 32
76 1600 992 32 32
76 1600 1024 32 32
76 1600 1056 32 32
76 1600 1088 32 32
76 1600 1120 32 32
76 1600 1152 32 32
76 1600 1184 32 32
76 1600 1216 32 32
76 1600 1248 32 32
76 1600 1280 32 32
76 1600 1312 32 32
76 1600 1344 32 32
76 1632 0 32 32
76 1632 32 32 32
76 1632 64 32 32
76 1632 96 32 32
76 1632 128 32 32
76 1632 160 32 32
76 1632 192 32 32
76 1632 224 32 32
76 1632 256 32 32
76 1632 288 32 32
76 1632 320 32 32
76 1632 352 32 32
36 1632 384 32 32
36 1632 416 32 32
36 1632 448 32 32
36 1632 480 32 32
36 1632 512 32 32
36 1632 544 32 32
36 1632 576 32 32
36 1632 608 32 32
36 1632 640 32 32
36 1632 672 32 32
36 1632 704 32 32
21 1632 736 32 32
20 1632 768 32 32
21 1632 800 32 32
20 1632 832 32 32
36 1632 864 32 32
99 1632 896 32 32
76 1632 928 32 32
76 1632 960 32 32
76 1632 992 32 32
76 1632 1024 32 32
76 1632 1056 32 32
76 1632 1088 32 32
76 1632 1120 32 32
76 1632 1152 32 32
76 1632 1184 32 32
76 1632 1216 32 32
76 1632 1248 32 32
76 1632 1280 32 32
76 1632 1312 32 32
76 1632 1344 32 32
76 1664 0 32 32
76 1664 32 32 32
76 1664 64 32 32
76 1664 96 32 32
76 1664 128 32 32
76 1664 160 32 32
76 1664 192 32 32
76 1664 224 32 32
76 1664 256 32 32
76 1664 288 32 32
76 1664 320 32 32
76 1664 352 32 32
36 1664 384 32 32
36 1664 416 32 32
36 1664 448 32 32
36 1664 480 32 32
36 1664 512 32 32
36 1664 544 32 32
36 1664 576 32 32
36 1664 608 32 32
36 1664 640 32 32
36 1664 672 32 32
21 1664 704 32 32
20 1664 736 32 32
21 1664 768 32 32
20 1664 800 32 32
21 1664 832 32 32
20 1664 864 32 32
99 1664 896 32 32
76 1664 928 32 32
76 1664 960 32 32
76 1664 992 32 32
76 1664 1024 32 32
76 1664 1056 32 32
76 1664 1088 32 32
76 1664 1120 32 32
76 1664 1152 32 32
76 1664 1184 32 32
76 1664 1216 32 32
76 1664 1248 32 32
76 1664 1280 32 32
76 1664 1312 32 32
76 1664 1344 32 32
76 1696 0 32 32
76 1696 32 32 32
76 1696 64 32 32
76 1696 96 32 32
76 1696 128 32 32
76 1696 160 32 32
76 1696 192 32 32
76 1696 224 32 32
76 1696 256 32 32
76 1696 288 32 32
76 1696 320 32 32
76 1696 352 32 32
36 1696 384 32 32
36 1696 416 32 32
36 1696 448 32 32
36 1696 480 32 32
36 1696 512 32 32
36 1696 544 32 32
36 1696 576 32 32
36 1696 608 32 32
36 1696 640 32 32
36 1696 672 32 32
36 1696 704 32 32
21 1696 736 32 32
20 1696 768 32 32
21 1696 800 32 32
20 1696 832 32 32
36 1696 864 32 32
99 1696 896 32 32
76 1696 928 32 32
76 1696 960 32 32
76 1696 992 32 32
76 1696 1024 32 32
76 1696 1056 32 32
76 1696 1088 32 32
76 1696 1120 32 32
76 1696 1152 32 32
76 1696 1184 32 32
76 1696 1216 32 32
76 1696 1248 32 32
76 1696 1280 32 32
76 1696 1312 32 32
76 1696 1344 32 32
76 1728 0 32 32
76 1728 32 32 32
76 1728 64 32 32
76 1728 96 32 32
76 1728 128 32 32
76 1728 160 32 32
76 1728 192 32 32
76 1728 224 32 32
76 1728 256 32 32
76 1728 288 32 32
76 1728 320 32 32
76 1728 352 32 32
76 1728 384 32 32
76 1728 416 32 32
76 1728 448 32 32
76 1728 480 32 32
76 1728 512 32 32
76 1728 544 32 32
76 1728 576 32 32
76 1728 608 32 32
76 1728 640 32 32
101 1728 672 32 32
36 1728 704 32 32
36 1728 736 32 32
21 1728 768 32 32
20 1728 800 32 32
36 1728 832 32 32
36 1728 864 32 32
99 1728 896 32 32
76 1728 928 32 32
76 1728 960 32 32
76 1728 992 32 32
76 1728 1024 32 32
76 1728 1056 32 32
76 1728 1088 32 32
76 1728 1120 32 32
76 1728 1152 32 32
76 1728 1184 32 32
76 1728 1216 32 32
76 1728 1248 32 32
76 1728 1280 32 32
76 1728 1312 32 32
76 1728 1344 32 32
76 1760 0 32 32
76 1760 32 32 32
76 1760 64 32 32
76 1760 96 32 32
76 1760 128 32 32
76 1760 160 32 32
76 1760 192 32 32
76 1760 224 32 32
76 1760 256 32 32
76 1760 288 32 32
101 1760 320 32 32
76 1760 352 32 32
76 1760 384 32 32
76 1760 416 32 32
76 1760 448 32 32
76 1760 480 32 32
76 1760 512 32 32
76 1760 544 32 32
76 1760 576 32 32
76 1760 608 32 32
76 1760 640 32 32
99 1760 672 32 32
36 1760 704 32 32
36 1760 736 32 32
36 1760 768 32 32
36 1760 800 32 32
36 1760 832 32 32
36 1760 864 32 32
99 1760 896 32 32
76 1760 928 32 32
76 1760 960 32 32
76 1760 992 32 32
76 1760 1024 32 32
76 1760 1056 32 32
76 1760 1088 32 32
76 1760 1120 32 32
76 1760 1152 32 32
76 1760 1184 32 32
76 1760 1216 32 32
76 1760 1248 32 32
76 1760 1280 32 32
76 1760 1312 32 32
76 1760 1344 32 32
76 1792 0 32 32
76 1792 32 32 32
76 1792 64 32 32
76 1792 96 32 32
76 1792 128 32 32
76 1792 160 32 32
76 1792 192 32 32
76 1792 224 32 32
76 1792 256 32 32
76 1792 288 32 32
99 1792 320 32 32
76 1792 352 32 32
76 1792 384 32 32
76 1792 416 32 32
76 1792 448 32 32
76 1792 480 32 32
76 1792 512 32 32
101 1792 544 32 32
76 1792 576 32 32
76 1792 608 32 32
76 1792 640 32 32
100 1792 672 32 32
36 1792 704 32 32
36 1792 736 32 32
36 1792 768 32 32
36 1792 800 32 32
36 1792 832 32 32
36 1792 864 32 32
100 1792 896 32 32
76 1792 928 32 32
76 1792 960 32 32
76 1792 992 32 32
76 1792 1024 32 32
76 1792 1056 32 32
76 1792 1088 32 32
76 1792 1120 32 32
76 1792 1152 32 32
76 1792 1184 32 32
76 1792 1216 32 32
76 1792 1248 32 32
76 1792 1280 32 32
76 1792 1312 32 32
76 1792 1344 32 32
76 1824 0 32 32
76 1824 32 32 32
76 1824 64 32 32
76 1824 96 32 32
76 1824 128 32 32
76 1824 160 32 32
76 1824 192 32 32
76 1824 224 32 32
76 1824 256 32 32
76 1824 288 32 32
99 1824 320 32 32
76 1824 352 32 32
76 1824 384 32 32
76 1824 416 32 32
76 1824 448 32 32
76 1824 480 32 32
76 1824 512 32 32
99 1824 544 32 32
76 1824 576 32 32
76 1824 608 32 32
76 1824 640 32 32
76 1824 672 32 32
76 1824 704 32 32
76 1824 736 32 32
76 1824 768 32 32
76 1824 800 32 32
76 1824 832 32 32
76 1824 864 32 32
76 1824 896 32 32
76 1824 928 32 32
76 1824 960 32 32
76 1824 992 32 32
76 1824 1024 32 32
76 1824 1056 32 32
76 1824 1088 32 32
76 1824 1120 32 32
76 1824 1152 32 32
76 1824 1184 32 32
76 1824 1216 32 32
76 1824 1248 32 32
76 1824 1280 32 32
76 1824 1312 32 32
76 1824 1344 32 32
76 1856 0 32 32
76 1856 32 32 32
76 1856 64 32 32
76 1856 96 32 32
76 1856 128 32 32
76 1856 160 32 32
76 1856 192 32 32
76 1856 224 32 32
76 1856 256 32 32
76 1856 288 32 32
99 1856 320 32 32
76 1856 352 32 32
76 1856 384 32 32
76 1856 416 32 32
76 1856 448 32 32
76 1856 480 32 32
76 1856 512 32 32
99 1856 544 32 32
76 1856 576 32 32
76 1856 608 32 32
76 1856 640 32 32
76 1856 672 32 32
76 1856 704 32 32
76 1856 736 32 32
101 1856 768 32 32
76 1856 800 32 32
76 1856 832 32 32
76 1856 864 32 32
76 1856 896 32 32
76 1856 928 32 32
76 1856 960 32 32
76 1856 992 32 32
76 1856 1024 32 32
76 1856 1056 32 32
76 1856 1088 32 32
76 1856 1120 32 32
76 1856 1152 32 32
76 1856 1184 32 32
76 1856 1216 32 32
76 1856 1248 32 32
76 1856 1280 32 32
76 1856 1312 32 32
76 1856 1344 32 32
76 1888 0 32 32
76 1888 32 32 32
76 1888 64 32 32
76 1888 96 32 32
76 1888 128 32 32
76 1888 160 32 32
76 1888 192 32 32
76 1888 224 32 32
76 1888 256 32 32
76 1888 288 32 32
99 1888 320 32 32
76 1888 352 32 32
76 1888 384 32 32
76 1888 416 32 32
76 1888 448 32 32
76 1888 480 32 32
76 1888 512 32 32
100 1888 544 32 32
76 1888 576 32 32
76 1888 608 32 32
76 1888 640 32 32
76 1888 672 32 32
76 1888 704 32 32
76 1888 736 32 32
99 1888 768 32 32
76 1888 800 32 32
76 1888 832 32 32
76 1888 864 32 32
76 1888 896 32 32
76 1888 928 32 32
76 1888 960 32 32
76 1888 992 32 32
76 1888 1024 32 32
76 1888 1056 32 32
76 1888 1088 32 32
76 1888 1120 32 32
76 1888 1152 32 32
76 1888 1184 32 32
76 1888 1216 32 32
76 1888 1248 32 32
76 1888 1280 32 32
76 1888 1312 32 32
76 1888 1344 32 32
76 1920 0 32 32
76 1920 32 32 32
76 1920 64 32 32
76 1920 96 32 32
76 1920 128 32 32
76 1920 160 32 32
76 1920 192 32 32
76 1920 224 32 32
76 1920 256 32 32
76 1920 288 32 32
100 1920 320 32 32
76 1920 352 32 32
76 1920 384 32 32
76 1920 416 32 32
76 1920 448 32 32
76 1920 480 32 32
76 1920 512 32 32
76 1920 544 32 32
76 1920 576 32 32
76 1920 608 32 32
76 1920 640 32 32
76 1920 672 32 32
76 1920 704 32 32
76 1920 736 32 32
99 1920 768 32 32
76 1920 800 32 32
76 1920 832 32 32
76 1920 864 32 32
76 1920 896 32 32
76 1920 928 32 32
76 1920 960 32 32
76 1920 992 32 32
76 1920 1024 32 32
76 1920 1056 32 32
76 1920 1088 32 32
76 1920 1120 32 32
76 1920 1152 32 32
76 1920 1184 32 32
76 1920 1216 32 32
76 1920 1248 32 32
76 1920 1280 32 32
76 1920 1312 32 32
76 1920 1344 32 32
76 1952 0 32 32
76 1952 32 32 32
76 1952 64 32 32
76 1952 96 32 32
76 1952 128 32 32
76 1952 160 32 32
76 1952 192 32 32
76 1952 224 32 32
76 1952 256 32 32
76 1952 288 32 32
76 1952 320 32 32
76 1952 352 32 32
76 1952 384 32 32
76 1952 416 32 32
76 1952 448 32 32
76 1952 480 32 32
76 1952 512 32 32
76 1952 544 32 32
76 1952 576 32 32
76 1952 608 32 32
76 1952 640 32 32
76 1952 672 32 32
76 1952 704 32 32
76 1952 736 32 32
99 1952 768 32 32
76 1952 800 32 32
76 1952 832 32 32
76 1952 864 32 32
76 1952 896 32 32
76 1952 928 32 32
76 1952 960 32 32
76 1952 992 32 32
76 1952 1024 32 32
76 1952 1056 32 32
76 1952 1088 32 32
76 1952 1120 32 32
76 1952 1152 32 32
76 1952 1184 32 32
76 1952 1216 32 32
76 1952 1248 32 32
76 1952 1280 32 32
76 1952 1312 32 32
76 1952 1344 32 32
76 1984 0 32 32
76 1984 32 32 32
76 1984 64 32 32
76 1984 96 32 32
76 1984 128 32 32
76 1984 160 32 32
76 1984 192 32 32
76 1984 224 32 32
76 1984 256 32 32
76 1984 288 32 32
76 1984 320 32 32
76 1984 352 32 32
76 1984 384 32 32
76 1984 416 32 32
76 1984 448 32 32
76 1984 480 32 32
76 1984 512 32 32
76 1984 544 32 32
76 1984 576 32 32
76 1984 608 32 32
76 1984 640 32 32
76 1984 672 32 32
76 1984 704 32 32
76 1984 736 32 32
100 1984 768 32 32
76 1984 800 32 32
76 1984 832 32 32
76 1984 864 32 32
76 1984 896 32 32
76 1984 928 32 32
76 1984 960 32 32
76 1984 992 32 32
76 1984 1024 32 32
76 1984 1056 32 32
76 1984 1088 32 32
76 1984 1120 32 32
76 1984 1152 32 32
76 1984 1184 32 32
76 1984 1216 32 32
76 1984 1248 32 32
76 1984 1280 32 32
76 1984 1312 32 32
76 1984 1344 32 32
76 2016 0 32 32
76 2016 32 32 32
76 2016 64 32 32
76 2016 96 32 32
76 2016 128 32 32
76 2016 160 32 32
76 2016 192 32 32
76 2016 224 32 32
76 2016 256 32 32
76 2016 288 32 32
76 2016 320 32 32
76 2016 352 32 32
76 2016 384 32 32
76 2016 416 32 32
76 2016 448 32 32
76 2016 480 32 32
76 2016 512 32 32
76 2016 544 32 32
76 2016 576 32 32
76 2016 608 32 32
76 2016 640 32 32
76 2016 672 32 32
76 2016 704 32 32
76 2016 736 32 32
76 2016 768 32 32
76 2016 800 32 32
76 2016 832 32 32
76 2016 864 32 32
76 2016 896 32 32
76 2016 928 32 32
76 2016 960 32 32
76 2016 992 32 32
76 2016 1024 32 32
76 2016 1056 32 32
76 2016 1088 32 32
76 2016 1120 32 32
76 2016 1152 32 32
76 2016 1184 32 32
76 2016 1216 32 32
76 2016 1248 32 32
76 2016 1280 32 32
76 2016 1312 32 32
76 2016 1344 32 32
76 2048 0 32 32
76 2048 32 32 32
76 2048 64 32 32
76 2048 96 32 32
76 2048 128 32 32
76 2048 160 32 32
76 2048 192 32 32
76 2048 224 32 32
76 2048 256 32 32
76 2048 288 32 32
76 2048 320 32 32
76 2048 352 32 32
76 2048 384 32 32
76 2048 416 32 32
76 2048 448 32 32
76 2048 480 32 32
76 2048 512 32 32
76 2048 544 32 32
76 2048 576 32 32
76 2048 608 32 32
76 2048 640 32 32
76 2048 672 32 32
76 2048 704 32 32
76 2048 736 32 32
76 2048 768 32 32
76 2048 800 32 32
76 2048 832 32 32
76 2048 864 32 32
76 2048 896 32 32
76 2048 928 32 32
76 2048 960 32 32
76 2048 992 32 32
76 2048 1024 32 32
76 2048 1056 32 32
76 2048 1088 32 32
76 2048 1120 32 32
76 2048 1152 32 32
76 2048 1184 32 32
76 2048 1216 32 32
76 2048 1248 32 32
76 2048 1280 32 32
76 2048 1312 32 32
76 2048 1344 32 32
